1.953657927772424197e-01 2.270101252236018160e-03 7.109551125065667332e-01 2.262953341668618151e-03 8.914604012228623253e-02
5.860921572445997995e-04 5.901342964852050645e-04 1.119292793631722488e-01 8.862953165793445720e-01 5.991776037534908865e-04
2.891533826140877533e-02 2.886328205685450773e-02 2.960340306171262148e-02 8.838940179288363730e-01 2.872395869118760797e-02
1.874410891793587075e-03 1.887633319648470776e-03 1.875221958743547059e-03 1.389277561691826812e-01 8.554349776606317013e-01
1.284032823672570829e-02 1.281911614957771325e-02 1.274297341744172647e-02 6.176575675327874437e-01 3.439400146634673527e-01
2.124250336512661756e-03 3.059471123595847164e-01 1.845431371818202215e-01 4.853361098781023286e-01 2.204939024398011940e-02
4.126346445874578550e-01 1.384745342800806998e-03 1.919816340263182097e-01 2.992928700254752772e-01 9.470610601794798855e-02
4.855968053355420588e-01 1.334589490202679621e-03 1.321201761074337162e-03 1.317752137632763419e-03 5.104296512755481796e-01
3.246556934897568592e-04 9.986880531029759256e-01 3.297803839916425774e-04 3.283648038090406928e-04 3.291460157337180352e-04
3.602527468817535994e-02 6.022999329576188277e-02 5.652572738206646658e-02 2.421234905406660642e-01 6.050955140933301779e-01
5.594930476377570905e-01 2.941280951165759546e-03 2.969428854161596139e-03 2.961826896176706931e-03 4.316344156607387350e-01
1.055911011016417902e-03 1.049762221315673778e-03 3.754813388466544666e-01 2.328893871414597638e-01 3.895236007795537803e-01
2.633996092324122351e-01 2.674966145522926775e-01 3.180244634854190091e-03 4.627517850515048825e-01 3.171746528935962331e-03
1.315763897170939278e-01 1.328364915398599078e-01 1.540939464935435921e-03 7.324972102191874557e-01 1.548969058923206459e-03
9.205977239023814540e-02 1.247334342389929242e-03 4.544993092870198981e-02 8.599976440240234554e-01 1.245318314646347204e-03
1.762182878362274566e-03 9.928991607231441030e-01 1.765803864619089249e-03 1.780464357185737416e-03 1.792388176688887707e-03
7.106469336329049868e-01 2.074480966232305490e-01 1.864324481030589595e-03 7.819739677774149855e-02 1.843248485092287324e-03
3.632824297483152470e-03 3.672003432577900222e-03 2.534475945141466680e-01 1.197922005767192294e-01 6.194553771790730634e-01
6.562602035070008374e-03 6.505081954299794800e-03 6.641009373566076311e-03 4.988195339583029742e-01 4.814717726787611229e-01
3.248399664002552673e-02 8.138933931803156163e-01 8.067337782448370798e-02 1.601345900155293895e-04 7.278909776515965491e-02
2.889374105375120631e-03 4.291564688476727230e-01 2.891712444329715657e-03 2.544103608081356160e-01 3.106520837944868885e-01
7.947437325622044302e-01 1.024562186379633427e-03 1.030706797277886879e-03 2.021906347628450173e-01 1.010363691293102205e-03
5.930348382695165704e-02 1.423580782997384189e-03 2.977174445163425220e-01 6.401219517631950851e-01 1.433539110513369673e-03
4.393849138790375695e-04 9.982352062561391515e-01 4.412838601015804489e-04 4.421678861289177307e-04 4.419570837514178938e-04
1.845202650499213476e-02 1.841514751245692735e-02 1.838669647765715093e-02 7.737687608342996848e-01 1.709773686705942097e-01
3.472632336670749553e-01 1.287933063680545866e-03 1.268802961360497800e-03 6.489096695465216280e-01 1.270360761362455612e-03
1.392439896983412549e-03 7.019007919719132405e-01 1.392025305860243893e-03 1.399834777793108323e-03 2.939149080474499631e-01
6.778754978828674047e-04 6.799748922035901613e-04 9.141220107809642226e-01 6.812630626658678148e-04 8.383887576628361316e-02
9.947196739637431326e-04 6.211494447601619527e-03 1.890278253853947821e-01 7.254365522479647721e-01 7.832940824507519939e-02
2.745546312223073209e-04 2.764824529846541135e-04 2.762926526346923045e-04 9.988980387466829258e-01 2.746315164753393911e-04
1.110499980784112814e-03 1.117215384181855561e-03 9.954905851136346406e-01 1.122768918165294129e-03 1.158930603233956783e-03
6.966255205282766670e-03 6.142778008679915525e-01 3.646463363504798827e-01 7.098750417658346301e-03 7.010857158587332182e-03
1.282397814858064929e-03 5.682008143305548042e-01 1.291013233411769656e-03 3.891919940721118021e-01 4.003378054906362588e-02
1.503876725351129548e-03 1.514340741653177761e-03 7.558217924799476295e-02 9.198516867541731701e-01 1.547916530827979104e-03
4.391764382953577094e-03 3.853054979263561552e-01 1.536788705931101950e-01 4.522248981933125744e-01 4.398968904267561500e-03
4.592084421782801143e-03 4.541203352291622690e-03 4.580612957027445538e-03 4.894573519915720317e-01 4.968287472773261770e-01
1.401839694062019439e-03 8.174127920160229044e-02 1.400052896838278492e-03 1.406873439219068558e-03 9.140499547682783277e-01
4.243747209160780853e-01 1.634465844060666072e-03 1.627645016647388809e-03 5.606214087106490274e-01 1.174175951256484565e-02
5.813547464859205594e-01 8.706124122834299484e-02 2.341850928719386906e-03 3.269210764574866368e-01 2.321084899530552210e-03
6.813553111738772372e-02 6.728791563258507136e-02 6.918677325155661584e-02 7.287195894612498170e-01 6.667019053722070265e-02
3.973190240588368033e-02 1.066440319513363016e-01 2.519364698455448491e-03 8.485836790952996367e-01 2.521021849024881242e-03
8.395961991582461719e-04 8.158265107486166734e-01 8.416806417765805874e-04 1.338875689994935003e-01 4.860464341095509233e-02
7.065463370996198644e-02 3.249384069296101241e-01 4.408122852436947847e-02 3.517596904481024023e-01 2.085660403879559810e-01
3.869724771259760998e-01 2.827820322360655517e-03 2.791789108039688556e-03 2.815662842186043586e-03 6.045922506014376197e-01
1.675670819684496327e-01 2.107092091429719344e-03 1.761958676858250417e-01 6.520365293409748908e-01 2.093428913320758041e-03
2.238826357492770813e-03 2.932628986906899993e-01 4.733635588834148589e-01 1.888017416176437091e-01 4.233297445075871746e-02
5.286325731948106066e-01 6.723991652319328020e-04 2.649554466222847973e-02 4.435261282847254849e-01 6.733546930035588666e-04
4.655519658215371837e-01 6.904044579847000949e-03 2.280666798996842659e-01 2.926499084860941235e-01 6.827401212837332263e-03
8.331655119338139941e-04 8.291798386438793689e-04 8.424265557657698456e-04 8.872978084527126663e-01 1.101974196409438583e-01
4.408341161796348190e-02 4.879851668240406631e-04 2.340104515935063634e-01 6.635622113475873052e-01 5.785594027411881252e-02
1.309272404662033045e-03 8.780457872415250442e-01 1.306100547117322944e-03 1.180334043419967310e-01 1.305435464698687488e-03
1.879074261489093074e-03 1.871366647032746350e-03 5.504445989517977589e-01 4.439068737130838493e-01 1.898086426596543681e-03
8.765569828571567745e-02 3.665490897353101962e-03 9.013506381505449472e-01 3.658578061216758662e-03 3.669594605169587600e-03
3.904810872065984650e-01 5.615367466977145769e-04 5.621583715353622567e-04 6.078288023696502007e-01 5.664153055183402449e-04
6.530584276428339496e-01 1.042773758042152971e-01 3.877053664983703507e-04 2.418910324754234842e-01 3.854587110288958444e-04
3.567222384261418359e-03 2.802118860223826724e-01 7.090902416227063965e-01 3.594104721757211598e-03 3.536545248892250439e-03
1.428432640912350171e-01 5.337593882217546160e-01 1.680334551562061123e-03 2.426929918334732039e-01 7.902402130197515306e-02
1.702976691932384379e-01 1.822902220789245770e-03 7.820322741582712567e-01 1.815806722008995230e-03 4.403134770569206574e-02
1.665548772382224570e-03 1.661179033651037727e-03 9.933297257633791899e-01 1.663225159296442953e-03 1.680321271291135418e-03
1.350230533988268974e-03 9.945618900230405179e-01 1.356397262740426709e-03 1.366461585505716848e-03 1.365020594724974121e-03
1.504518975034512158e-03 8.370532095635599967e-01 1.511590061882490173e-03 1.584313967131541490e-01 1.499284686368955628e-03
1.041342375698713213e-01 7.447950258925745137e-01 1.750746286070010635e-03 1.475656868393876997e-01 1.754303412096396529e-03
8.338907363849913379e-01 2.082534337815051574e-03 2.058190761330443239e-03 1.598941665893596209e-01 2.074371926503470066e-03
1.463617990163773863e-01 2.124074646220222400e-03 2.143005275133595938e-03 8.472278835774145200e-01 2.143237484854188576e-03
1.319968754127839308e-03 1.315723849737797033e-03 1.318381208616789839e-03 9.947284378559074769e-01 1.317488331609985687e-03
3.902607269109062502e-03 9.843184106796135646e-01 3.923073259485698565e-03 3.953647180289611603e-03 3.902261611502016309e-03
3.166969344975750084e-02 1.177460180386475904e-03 1.181500537066250021e-03 9.648018832418761015e-01 1.169462590913676516e-03
3.869120276115839974e-01 1.358066054794446328e-03 1.345781817145081738e-03 6.090405838164280050e-01 1.343540700048603776e-03
1.695758671724325369e-03 1.689080735206563303e-03 1.701827362210850446e-03 4.387014578383005015e-01 5.562118753925577863e-01
1.733410133022314633e-03 3.442357595353260913e-01 1.752707822860635365e-03 3.892122907566877288e-01 2.630658317521032408e-01
1.505684060294468175e-03 1.511409823470371335e-03 5.679376557249876667e-01 4.275052672239504359e-01 1.539983167297144864e-03
1.804659449192953791e-01 4.048190343527228487e-03 3.987562543366810798e-03 8.074866485113180170e-01 4.011653682492526476e-03
4.486955150592880637e-01 2.685943837932737721e-01 1.536029162920499744e-03 2.796431868314411262e-01 1.530885153076444591e-03
1.148270924458468607e-03 1.148885863339805342e-03 1.153528611321658461e-03 1.152654766286178526e-03 9.953966598345939110e-01
1.000017722305114737e-01 1.009786268070108906e-01 1.024654928498113654e-01 1.028607861222625847e-01 5.936933219904038106e-01
2.665952541217627651e-03 2.654787407575790858e-03 5.722255237504013659e-01 4.150539824312750592e-01 7.399753869530133026e-03
1.437703317425005449e-02 1.462987271755748254e-02 1.441278290057839036e-02 9.421578439961205698e-01 1.442246721149348029e-02
6.386555768989397690e-03 2.249110036735374463e-01 7.558675746463295875e-01 6.371642659405230349e-03 6.463223251738280106e-03
1.249997894049450229e-03 7.446091982448682645e-01 2.516099440007564803e-01 1.257183781992013069e-03 1.273676078333887832e-03
1.560854692236134491e-03 1.720448944046214235e-01 1.383353982316844200e-01 3.493625751263234602e-01 3.386962775451344831e-01
1.975314654113319024e-01 8.001206855175937993e-02 1.052081824654976534e-03 7.203487792137872603e-01 1.055604998466421005e-03
5.342458744908905599e-01 2.180414847305375825e-01 1.348795348751419525e-03 2.450146560920654637e-01 1.349189337754876572e-03
1.245578551872525115e-03 1.249218042090880550e-03 1.264889651304965199e-03 9.949993712450552197e-01 1.240942509676513103e-03
5.890564220168021390e-05 3.300273887847081367e-02 5.927784478059647765e-05 5.940693066200229038e-05 9.668196707038848592e-01
2.422039204115492284e-01 8.209199145747841020e-04 3.337260062036064845e-01 2.703523949966002982e-01 1.528967584736692642e-01
3.246556934897568592e-04 9.986880531029759256e-01 3.297803839916425774e-04 3.283648038090406928e-04 3.291460157337180352e-04
9.812438121652705680e-02 2.428113018383416810e-01 1.496179833289277899e-03 6.560825436620164597e-01 1.485593449825326406e-03
2.833527239945903275e-01 5.295691607330456699e-03 5.215266631781166964e-03 7.008827806834203589e-01 5.253537082877804409e-03
1.459481707697962184e-03 8.964310771680514267e-02 1.475971615890928935e-03 9.059648089664238402e-01 1.456629993182088738e-03
3.443144397789430489e-01 6.656391560537545937e-02 2.789303174678016764e-03 5.835610494634788648e-01 2.771291977524566880e-03
1.014639537561027932e-03 9.146589773361828435e-01 8.228705494827853739e-02 1.017014332879655593e-03 1.022313845097856883e-03
1.351725713804738643e-03 2.601849680425595834e-01 6.519623834369080162e-02 6.719146386399169613e-01 1.352429260027862784e-03
9.860556610629270594e-04 5.588086100417901658e-01 1.120207951140616276e-01 9.869369953060546947e-04 3.271976021877791019e-01
1.118356378921128453e-03 1.120486689900862098e-03 1.126370188667438245e-03 9.955169618614236882e-01 1.117824881086983439e-03
4.121181661331491759e-04 7.384623445629166782e-02 4.137827104590608481e-04 1.666287192002692263e-01 7.586991454668469137e-01
3.260895791625505798e-03 3.335400085780941461e-03 3.282722589593025948e-03 9.867815132286676949e-01 3.339468304332921661e-03
6.934682301951447742e-04 6.888434756706906257e-04 6.923353145468269304e-04 9.972321842297402483e-01 6.931687498470903187e-04
7.238294301117557950e-02 1.882673412453602091e-01 3.096576022034611686e-01 1.808474460157460106e-01 2.488446675242570461e-01
6.024261489316876019e-04 5.947713732692178502e-04 5.715103233309928310e-01 1.774401275377690268e-01 2.498523516090372654e-01
1.297949596972164258e-03 3.102267268801293110e-01 4.545532237018997113e-01 1.298083361822092692e-03 2.326240164591767967e-01
7.769513632503442790e-02 1.762171992781634772e-03 3.772738162776271414e-02 8.810567512908057397e-01 1.758558763615478485e-03
1.401805796375135433e-03 9.091733211601272791e-01 1.404339940341462790e-03 1.413080411661180556e-03 8.660745269149515424e-02
4.575747868180942701e-01 4.027196443647184654e-01 3.606422551612435169e-03 1.324638400065488719e-01 3.635306259025961745e-03
2.663684961921442551e-01 2.549188363242093497e-03 2.540706012862988233e-03 7.260402089374052848e-01 2.501400494345240935e-03
1.368385138321203953e-01 1.810205872874714626e-03 1.782527992917794755e-03 8.441049136598903768e-01 1.546383864219672347e-02
1.554491341697973421e-02 3.421333604465075229e-02 3.432881873875958615e-04 3.427259830452556539e-04 9.495557363679366647e-01
2.799871251618698056e-02 1.486047567117458786e-03 1.468280573102118689e-03 9.675724974553063795e-01 1.474461888286987196e-03
1.060598930447968075e-01 6.167193770232530792e-01 1.686207034336994082e-03 1.741252577599443907e-01 1.014092651376688053e-01
2.240013571694580844e-04 9.557104070458106726e-01 2.235331439195921888e-04 4.245096700138411422e-02 1.391091451716161770e-03
1.335481578643072818e-03 1.341539610745663778e-03 8.906626138035154128e-01 1.053218630291991587e-01 1.338501977896684389e-03
1.810680092867070212e-03 8.850704668155546795e-01 1.801142435183369743e-03 1.095225022238896784e-01 1.795208432505271358e-03
2.922889999780139991e-04 7.670293540918797781e-01 1.132780749297165879e-02 2.910138136674266895e-04 2.210595356015030988e-01
1.246619751579099112e-03 1.247973472253774809e-03 1.061533607438224780e-01 8.640824507545732391e-01 2.726959527777150089e-02
3.306959059669452479e-03 6.946924759338903854e-01 3.284525563807040929e-03 2.954417221128543547e-01 3.274317329778778617e-03
1.598068169088246024e-03 9.430600769551106266e-02 1.035255354668056377e-01 6.851676284709479203e-01 1.154027601976471973e-01
4.182518510923398727e-03 4.514341727616438815e-01 5.359780708839123609e-01 4.213203513340752285e-03 4.192034330179621356e-03
1.433466405554951594e-03 1.434615351592994281e-03 9.788678428583397206e-01 1.434953856589677975e-03 1.682912152792275309e-02
7.715994743484149137e-04 6.545149739713345127e-01 7.828820181343295855e-04 7.744438853717849859e-04 3.431561006508108691e-01
1.487182248685052889e-03 1.479382158752871749e-03 1.014702130472570039e-02 9.854043089476168804e-01 1.482105340219558960e-03
1.640446914069699754e-03 4.606940945933699072e-01 3.710704041246849494e-01 1.649662960151944413e-01 1.628758352680907164e-03
1.260137497803576938e-03 6.037461649529065610e-01 6.384090163369586512e-02 3.298779221424593122e-01 1.274873773134908893e-03
4.703900896640320767e-02 2.646272843857191449e-03 2.315872598824786632e-01 6.188882303145120112e-01 9.983922799274895510e-02
1.846873717591441741e-03 2.133139180230653187e-01 3.799428226336262326e-03 4.526109991630095641e-01 3.284287808699973277e-01
4.324562003680340215e-04 3.401706331486121365e-02 4.306195952505573730e-04 4.307734992005987900e-04 9.646890873903196661e-01
1.965958311493192778e-01 2.798879348446227378e-03 4.790781840992702767e-02 3.412444753660855423e-01 4.114529957262218485e-01
1.415451958465112261e-03 1.417361910941750212e-03 1.419618229418327096e-03 9.943312461172462147e-01 1.416321783928669057e-03
1.996604996024187303e-04 4.535419558492531644e-01 1.130011700998039860e-02 1.982264842051113861e-04 5.347600401569589934e-01
3.046687482283428000e-04 6.834132551741384232e-01 2.802393850424505506e-01 3.031709049431051102e-04 3.573952013023958679e-02
8.668856394701822832e-04 9.427722425352722535e-01 5.459079626925911199e-02 8.815092685762703200e-04 8.885662874222958465e-04
3.424479279656268693e-02 7.429867348196705565e-04 9.635183828178607301e-01 7.487921251661431524e-04 7.450455255906540675e-04
6.954964537207558063e-03 7.035465240131323107e-03 9.721043435705789548e-01 6.990943412900370475e-03 6.914283239181833428e-03
5.220822460939063790e-03 5.224442361482358084e-03 5.011499425949295095e-01 5.235435058998560466e-03 4.831693575236503668e-01
1.299421303562075473e-03 5.965810373200206573e-01 1.298255363797925274e-03 2.841676814533448114e-01 1.166536045592743709e-01
1.609379487074134585e-01 4.924050906192943833e-01 1.272812158909903957e-01 7.935210197569666189e-04 2.185822237625448250e-01
4.476685496787763049e-03 4.481322460893661166e-03 4.446881946258480177e-03 9.821701488328586915e-01 4.424961263201346827e-03
3.705536227109260672e-01 3.706432911677753211e-02 9.782430524794348114e-04 5.904379830175267019e-01 9.658221022902856948e-04
6.831435334051971699e-04 6.849630147141144969e-04 6.832048132837489126e-04 9.972658905287812292e-01 6.827981098157136827e-04
5.108954965615450199e-03 5.169321279225497917e-03 3.417925097065466766e-01 5.130451686081686224e-01 1.348840454404436062e-01
3.445028913450173258e-01 1.735575224325442822e-03 1.932451737798361602e-01 4.587906348952984770e-01 1.725724755522718918e-03
1.397102739349447009e-03 9.943982920278577886e-01 1.395379776557114163e-03 1.414801913233846003e-03 1.394423543001673460e-03
3.394191571767640747e-01 2.792865156270885052e-01 1.664101345381636564e-03 3.780047479459549553e-01 1.625477904810907577e-03
2.150466383112338287e-01 1.059305078307715966e-03 6.768343413379925844e-01 1.055340314111584063e-03 1.060043749583542971e-01
7.636283631492425845e-04 5.164741898397672282e-01 1.004847936577746292e-01 3.815140059213195101e-01 7.633822179894242041e-04
1.253466141469177474e-03 5.687634843162523435e-01 1.262730626489329483e-03 3.275661821407988561e-01 1.011541367749902165e-01
1.468822423377582134e-02 4.827332050426296861e-04 4.709891099154505656e-01 4.849898066762192727e-04 5.133549428390548064e-01
1.618052342509393492e-03 1.623070980598218622e-03 8.757593499716644081e-02 8.629165223488107772e-01 4.626641933091515946e-02
3.075106783531906217e-03 3.117913066798304236e-03 4.933682744161189682e-01 3.833254764141007520e-01 1.171132293194501739e-01
7.070766969342051622e-02 1.406311384350472093e-01 7.857630154734697170e-01 1.450081827387672681e-03 1.448094570674971935e-03
1.268918701700506250e-03 9.948838357885724237e-01 1.277227365430268647e-03 1.281001192929759119e-03 1.289016951367075647e-03
9.611477053971489819e-04 9.659425821325325155e-04 1.125198173509511373e-01 8.845954027303201128e-01 9.576896311990360303e-04
9.703618450744971305e-04 9.477055257677492461e-01 9.717212145911246438e-04 9.753382256724808840e-04 4.937705294691271257e-02
3.417216436762969267e-01 1.534468977277679280e-01 3.755902218129265717e-03 3.503947679323879405e-01 1.506807884454180180e-01
8.189025275109192148e-02 1.083270112501278151e-03 1.084256509323740757e-03 2.657122036522533426e-01 6.502300169748297387e-01
3.855489179728563420e-02 4.088571481077240000e-01 3.185159447310072136e-03 5.461665856015688325e-01 3.236215046111405244e-03
1.312430320120362356e-03 1.317448863063764262e-03 1.313704703708026486e-03 9.947408347756026004e-01 1.315581337505194494e-03
2.695977730463940212e-03 2.653706367721018165e-03 2.785704195993274346e-01 7.134162992744528253e-01 2.663597028034628625e-03
1.037027059913387447e-03 8.921825163876748732e-01 1.047294694523977655e-03 1.037588615387344260e-03 1.046955732425003532e-01
1.658803901127684768e-03 8.977296203330937807e-01 1.664433275558669951e-03 9.726669083191161191e-02 1.680451658308182395e-03
2.150579229393296543e-01 6.106453216893689695e-02 1.300687666904187714e-03 7.212816036014898513e-01 1.295253623339422946e-03
2.520109908546005473e-01 1.010065949146015567e-03 3.933889916148610166e-01 3.525860061995865768e-01 1.003945381805763449e-03
5.890564220168021390e-05 3.300273887847081367e-02 5.927784478059647765e-05 5.940693066200229038e-05 9.668196707038848592e-01
6.447560374362266630e-04 5.736769183463614752e-01 4.214062259453108666e-02 3.828822637771325810e-01 6.554392445385828075e-04
3.435237292609636950e-01 2.865589160461296577e-03 2.834339870991007138e-03 6.478624130765855416e-01 2.913928630998391649e-03
1.521631875589231830e-03 1.517127467436221516e-03 2.475792162190879608e-01 7.478193931803529537e-01 1.562631257533593282e-03
2.340142169797368443e-02 2.804424401475739959e-02 4.607524632972560819e-02 4.662011663526136745e-02 8.558589713222819473e-01
3.042461948102646030e-01 6.834057138178785407e-02 1.936919721159435503e-01 4.310781766443025353e-01 2.643085047701429924e-03
5.814187445649262459e-03 1.075290151333211930e-01 5.848143483062414813e-03 2.018957842545360259e-01 6.789128696834310084e-01
1.300033909030716590e-02 7.694950752763106069e-04 8.534345876537970943e-01 1.320165838025852967e-01 7.789943780340850225e-04
3.316071975581007525e-01 1.091579204784368096e-01 3.043363650105696330e-02 5.277434572538102220e-01 1.057788208595258515e-03
6.946439375341772852e-03 6.866759926901618884e-03 9.724060246453813949e-01 6.961897948430269094e-03 6.818878103945011891e-03
2.531449370196759419e-01 4.171721812221134730e-03 1.003752069900086946e-01 5.524679036935747911e-01 8.984023048451955651e-02
2.217881475014860104e-01 2.615601386468113243e-01 1.131783496980469936e-03 5.143946310510724151e-01 1.125299303649847631e-03
1.289817196229206455e-03 1.293090276687807426e-03 8.086144021506080914e-01 1.875089020822143515e-01 1.293788294260598019e-03
3.218009438652831289e-01 5.240800153567691001e-03 6.624275026912830322e-01 5.290659004331512219e-03 5.240094285534442273e-03
1.143407750569300219e-03 9.174831350376049244e-01 2.677049699677517061e-02 2.371313851277553203e-02 3.088982170227515256e-02
4.480168335678272329e-01 3.888620807463541995e-01 1.185540491880511266e-03 1.607544079503293866e-01 1.181137243608648083e-03
6.394040190658923928e-01 1.339887077898645976e-03 3.565609407252661733e-01 1.346088984040973548e-03 1.349064146901887652e-03
1.486330845389730558e-03 1.510237253683818738e-03 1.500519876121767654e-03 9.089459501012349119e-01 8.655696192356975016e-02
2.254263084609870738e-01 1.562131248287138841e-01 2.160710573588337235e-01 2.088114401378505375e-03 4.002013949500869416e-01
7.802616592960907003e-03 7.350661606976620632e-01 2.413542886637543294e-01 7.793522135395489735e-03 7.983411910227106514e-03
6.163629861674346788e-03 1.578180973259605824e-01 8.236186454563914072e-01 6.210445022504809849e-03 6.189182333468873712e-03
1.225236848527665005e-03 1.227949032321184238e-03 9.561359360391780138e-02 9.007079444268093482e-01 1.225276088423948688e-03
9.823182446191123240e-01 3.796807850826569488e-04 3.804247135750008749e-04 1.654025311245420349e-02 3.813967697757694860e-04
1.831316143219548350e-03 1.840500117410386657e-03 9.926575353199876828e-01 1.840208472675003166e-03 1.830439946707434129e-03
2.822192249451273716e-03 2.860470733126964024e-03 3.331050874227158287e-01 5.074902466254168631e-01 1.537220029692890899e-01
1.528863497797272319e-01 8.483114432857783403e-04 8.542130579611108884e-04 7.422416482232799817e-01 1.031694774957459537e-01
3.188302715118787167e-03 3.170342979554755056e-03 3.186689288240086675e-03 9.872501145459454674e-01 3.204550471140933145e-03
5.607473716822505838e-03 5.714938827746672556e-03 9.773850309506951772e-01 5.676281200881936988e-03 5.616275303853813204e-03
9.134953769801282741e-04 1.450268061065991543e-01 9.093570727775322250e-04 8.305326625464068968e-01 2.261767889723634295e-02
1.976631105021622314e-01 1.927864009221519218e-03 1.950935961125911926e-03 6.606673299985100778e-01 1.377907595289802056e-01
8.942535599834821047e-01 1.261928576007718245e-04 1.254380597989689593e-04 1.053702584385456525e-01 1.245506605725506710e-04
1.204685549224368026e-02 1.202335617257910619e-02 3.428919923262126468e-01 6.210291224921050679e-01 1.200867351685944856e-02
1.797666100387051926e-04 6.830571187784997833e-02 4.551738660734933051e-01 5.941375225755540085e-02 4.169269031810624582e-01
1.961216719674624583e-03 8.688312868758126806e-01 1.968335395822652743e-03 1.252632651452915413e-01 1.975895863398676854e-03
2.860520487495141553e-02 7.475485372647707643e-04 7.505305631721333973e-04 9.691489644796746905e-01 7.477515449369064211e-04
2.686108728007516877e-01 1.137371934362011242e-03 1.138505811454706756e-03 7.279770682677005889e-01 1.136181185730985276e-03
5.860921572445997995e-04 5.901342964852050645e-04 1.119292793631722488e-01 8.862953165793445720e-01 5.991776037534908865e-04
3.440018699188589820e-03 9.862196681141822685e-01 3.445672266834118053e-03 3.474011625559253209e-03 3.420629294235723577e-03
3.321130685725877493e-04 3.336185747525624817e-04 4.424715913233106535e-01 5.438680617990249155e-01 1.299461523433931807e-02
8.942535599834821047e-01 1.261928576007718245e-04 1.254380597989689593e-04 1.053702584385456525e-01 1.245506605725506710e-04
3.563417925324951357e-03 6.935988941839756894e-01 3.522417137557890768e-03 2.957979419479448979e-01 3.517328805196445231e-03
7.773972892446662231e-02 8.660871365078730566e-01 9.776709349916226817e-04 5.422274192926847952e-02 9.727217034001566561e-04
1.223136584694173605e-03 1.216455613074136129e-03 3.658180041207229061e-02 9.597525441813726799e-01 1.226063208786677726e-03
1.036455696269844157e-01 3.064773738986052987e-01 1.706245244167016450e-01 3.217801937983653104e-01 9.747233825934330242e-02
1.132935016246855095e-02 2.653872213760817035e-04 9.215194153697134349e-02 8.959829295967458584e-01 2.703914824381986365e-04
1.196908213680692237e-02 1.207564236295154657e-02 1.202510528347724636e-02 3.780510548999390652e-01 5.858791153168251276e-01
2.349479866234679710e-03 1.157040096847445354e-01 2.366430475009661909e-03 8.772153171938039673e-01 2.364762780207176930e-03
1.925395200689433923e-03 4.556606665767265474e-01 1.908246603754447206e-03 4.784508324357350517e-01 6.205485918309446708e-02
1.877028593138059054e-03 8.813554320645669571e-02 1.890698379890192772e-03 9.062098448781965576e-01 1.886884942318479020e-03
4.907442780080394362e-01 2.603659145513201878e-01 1.516402767326552369e-03 2.458689111222852608e-01 1.504493551028322990e-03
6.109870146699031279e-02 2.324775616495524180e-03 2.422710448796581151e-01 6.919787555866868667e-01 2.326722450169168253e-03
5.034965176281064152e-03 5.072357339845292093e-03 5.085939633107849391e-03 9.796722606491886642e-01 5.134477201577204719e-03
1.093008807082098410e-01 2.349025682059894919e-03 2.376733503457412276e-03 1.661419206457885600e-01 7.198314394604843347e-01
1.461133302557974210e-03 7.925119438831991214e-01 1.465321224454906165e-03 2.030991799188535119e-01 1.462421670934527761e-03
1.680604619192630801e-03 6.289866124907338429e-01 1.684009706841407003e-03 1.686674603718280865e-03 3.659620985795138948e-01
1.354292929638955915e-02 9.455079165593702761e-01 1.359486861792130394e-02 1.373967958191730024e-02 1.361460594440167676e-02
3.085630488450374562e-03 9.141864551933771843e-02 8.992851885547232804e-01 3.109128608916664552e-03 3.101406828571759075e-03
5.664153784611833733e-03 5.468239295210229264e-03 9.777527514611487058e-01 5.615747357642643725e-03 5.499108101386679381e-03
1.518189971655308380e-03 3.589872250680229415e-01 3.084993803502285026e-01 3.294600106427713615e-01 1.535193967321941749e-03
1.214729248345915993e-03 9.566916455818993414e-01 1.233895212604229621e-03 3.963267043528629491e-02 1.227059521864177919e-03
2.769446018703659862e-02 9.707271423205573457e-01 5.242412036136292640e-04 5.264579019087961597e-04 5.276983868836921309e-04
1.137473005634096227e-03 9.954335388853602362e-01 1.144909932330562957e-03 1.142347207405589602e-03 1.141730969269420456e-03
3.246556934897568592e-04 9.986880531029759256e-01 3.297803839916425774e-04 3.283648038090406928e-04 3.291460157337180352e-04
1.682134477689541628e-03 7.336780870701624657e-01 1.118855979613585794e-01 1.510740947375136811e-01 1.680085753275604868e-03
6.954964537207558063e-03 7.035465240131323107e-03 9.721043435705789548e-01 6.990943412900370475e-03 6.914283239181833428e-03
5.232604027225568012e-04 5.488360697425553880e-01 2.460963144082405907e-01 5.284574483233931384e-04 2.040158979981581966e-01
1.458042079302815930e-01 8.864969676977145670e-04 8.808800063371164963e-04 8.515446909748075610e-01 8.837241208760371640e-04
1.174115023703341115e-01 1.840768524094097986e-03 3.423447823104822096e-01 3.993273413120878024e-01 1.390756054830017685e-01
2.314217953025912988e-01 9.849254499432984547e-03 4.020823539028112181e-01 3.469623419098017414e-01 9.684254385362658230e-03
1.727497497211531452e-01 3.703684804571375725e-03 8.162619267746471508e-01 3.678217685881256856e-03 3.606421013747024631e-03
1.936373297443044934e-03 5.956824723409480660e-01 1.958948397556915192e-03 3.046337115791022954e-01 9.578849438494974056e-02
1.100979023478704011e-04 1.595896278699601989e-01 7.712702860023647883e-03 1.099690855844104255e-04 8.324776022820838950e-01
7.330945722552378863e-02 2.053210085742351344e-03 4.635849706672705572e-01 4.590036214905179324e-01 2.048740530945307534e-03
1.427954921317280655e-03 9.942388414073833891e-01 1.440821335179273341e-03 1.438376331692842788e-03 1.454006004427337712e-03
1.936513197580589643e-03 1.928074097210660852e-03 5.620465960681717554e-01 4.321437402000005146e-01 1.945076437036527420e-03
4.026243667894706217e-03 8.161781851477105665e-01 3.981526257196994593e-03 4.005000742381150357e-03 1.718090441848166838e-01
2.097592707563198690e-03 6.199965867406643794e-01 2.083996865995794024e-03 3.737429281081998123e-01 2.078895577576906316e-03
5.610742964699367641e-04 5.594738992939060542e-04 9.977538471771885131e-01 5.589213723898250148e-04 5.666832546579190014e-04
4.051300624882091528e-01 6.038918251099872339e-04 1.498947733614788280e-01 4.437650036586698321e-01 6.062686665322362814e-04
1.358507762139518713e-03 1.323798195923477257e-03 1.352897745437500829e-03 9.946016636143356626e-01 1.363132682163937072e-03
5.068030388559097155e-01 3.264868066997648078e-03 3.300713556227733401e-03 4.832757122653037474e-01 3.355667255561157417e-03
4.827019924365037848e-04 1.156809881201370793e-01 3.881809928794055509e-01 4.814474464052077483e-04 4.951738695616156316e-01
1.656024847500256469e-03 1.648832429653941363e-03 1.661875841465580315e-03 9.933547456317419755e-01 1.678521249638123200e-03
2.246533878058921685e-01 5.282328548650862786e-04 5.256600531434322057e-04 5.270984896730087797e-04 7.737656207964263011e-01
2.741905681175340302e-03 1.274000411219312345e-01 2.814660025655481013e-01 2.738303406654468870e-03 5.856537472246909903e-01
3.321130685725877493e-04 3.336185747525624817e-04 4.424715913233106535e-01 5.438680617990249155e-01 1.299461523433931807e-02
2.651736154774233037e-02 4.544913230373373949e-04 4.546896208057460941e-04 2.526779652912070073e-01 7.198954922172076110e-01
1.234465101404568464e-03 8.020100955713048707e-01 1.200266517356624874e-01 1.245972118332829568e-03 7.548281547329517560e-02
5.385801616328631525e-01 3.255284785109725521e-01 7.646796884619847835e-04 1.343598805344471958e-01 7.667996332552499700e-04
1.514579535878786930e-03 1.522770250441692888e-03 5.193730060998501541e-01 4.760956526961213076e-01 1.493991417707888529e-03
5.215490305885044364e-01 1.345243660086936589e-03 1.346183086361101792e-03 4.467507831232933047e-01 2.900875954175424418e-02
4.119813224469018320e-02 2.157960227017326812e-03 1.586810421160870510e-01 7.958229908589348200e-01 2.139874553270584671e-03
4.439981535257038307e-03 4.431959146071305297e-03 7.102587347473267032e-01 2.764707306533315534e-01 4.398593918013450101e-03
1.358800741302452651e-03 1.359694350637168656e-03 1.347921739609341408e-03 9.945805566753959104e-01 1.353026493055171139e-03
1.434413252321730618e-03 9.942551520316669222e-01 1.437989771151564240e-03 1.446010257511081212e-03 1.426434687348802086e-03
1.614628313377607614e-03 9.679904615513987842e-01 1.592499436769609887e-03 1.598699355673827063e-03 2.720371134278020547e-02
1.288506053448680837e-03 5.326655680674887705e-01 1.298687790699384415e-03 4.634569528876028577e-01 1.290285200760230011e-03
2.328359481504964634e-01 5.399735538433877297e-02 3.403669889048787072e-03 7.063815345396328160e-01 3.381492036483207779e-03
4.962701447244018864e-04 4.920679014554207300e-04 4.977766871588810245e-04 3.804800215156346060e-02 9.604658831150978404e-01
1.565361344224145855e-03 1.578060548167436192e-03 7.564490506933821967e-01 2.388128728188879946e-01 1.594654595338239247e-03
4.085838603914052070e-02 1.304229882445548938e-01 1.798044418737525284e-03 6.961617864928597577e-01 1.307587948047072846e-01
5.195202703042522963e-01 2.447875052809075219e-03 2.453309056458467113e-03 4.731570153178933369e-01 2.421530268586840999e-03
3.160098829608384667e-03 3.385787700752087570e-01 3.167060839776552304e-03 3.176340998825773546e-03 6.519177292565804249e-01
1.493453438214578611e-03 1.509876442319161172e-03 1.507218882138973469e-03 9.939981152510727336e-01 1.491335986254338280e-03
1.525701017784886161e-03 1.518343943652689532e-03 1.515279102997743165e-03 9.938558870700165970e-01 1.584788865548059393e-03
1.131942833798693648e-03 1.133927541144932319e-03 1.144964573725299741e-03 9.954468993715661629e-01 1.142265679764883218e-03
7.088896100597148579e-03 7.020517464138547464e-03 5.883515600334895401e-01 3.904763395416745442e-01 7.062686860100275167e-03
1.659166993918519649e-03 1.677524709256100798e-03 1.671217104780272798e-03 4.665367057590541489e-01 5.284553854329908651e-01
8.529979379669481165e-01 6.234593523444614989e-03 6.179723679432205623e-03 1.284341296275594291e-01 6.153615202615488056e-03
8.994888120748575997e-04 1.481796861738010791e-02 8.988484512292429325e-04 8.719314504791878528e-01 1.114522436401279015e-01
9.245992304508628351e-04 9.170111650957084998e-04 9.191980187094410913e-04 9.963002104327407515e-01 9.389811530032038302e-04
5.368183684302544473e-02 2.849360928184579422e-01 1.140549521946092604e-01 5.434021128203587736e-01 3.925005323548663196e-03
1.957818503256041343e-01 4.777145283363242487e-04 4.757335549340448904e-04 8.027853504006702279e-01 4.793511904551902864e-04
1.045275681836378180e-02 9.870731874192497646e-01 8.251613476348973594e-04 8.297260112226631295e-04 8.191684035288359983e-04
2.696953161900586191e-02 8.118793680280220748e-01 2.058692722844556768e-03 1.570340010302777312e-01 2.058406599849807016e-03
1.102449927434668436e-02 7.141412787774897852e-01 1.283431983087700030e-03 2.722689056534993157e-01 1.281884311576684437e-03
2.381294002379022445e-02 1.218814415178032500e-03 1.234879739966808238e-03 9.724977104452838805e-01 1.235655375781097645e-03
1.021935952097440398e-01 5.335365319892048513e-02 8.363267103374169009e-01 4.109451171015211617e-03 4.016590082903465780e-03
1.342886132613125075e-03 1.337720145284508957e-03 1.339957413711301455e-03 9.946315125613741648e-01 1.347923747016986900e-03
1.236283472100238806e-03 1.240274578739132983e-03 9.950679725122288932e-01 1.232325213161750664e-03 1.223144223770003189e-03
2.014730399975973169e-02 2.073529994354157691e-02 2.032008013051668505e-02 2.060824737435605625e-02 9.181890685518259154e-01
1.286858596062655929e-03 1.295872029976511937e-03 6.276012271597232461e-02 9.333683660332933174e-01 1.288780624695327805e-03
1.057585842822505789e-03 1.056969026368131687e-03 1.054017653996602941e-03 9.957745375722133474e-01 1.056889904599541850e-03
5.651315255994878717e-01 6.574564764629600710e-02 2.961256667154705813e-01 4.178784848678594038e-03 6.881837519006687998e-02
4.302269990268035166e-03 4.205542783837764274e-03 6.819543504950057455e-01 4.225378684509745013e-03 3.053124580463786875e-01
7.364506247444556428e-04 7.935385802587382464e-01 7.448199243229018272e-04 7.379458856541920705e-04 2.042422033065401932e-01
7.220320867211983407e-01 1.335838560527399235e-03 1.213328729060869637e-01 1.539748537593821076e-01 1.324348052805296959e-03
9.987639256527195732e-04 9.985196965033821086e-04 7.845060207122924734e-01 1.797689003005328578e-01 3.372779536501847170e-02
1.220884453851565855e-04 1.230600166851671411e-04 7.793758002783814087e-02 1.228535528341600938e-04 9.216944179572573725e-01
3.474502702979518493e-02 8.362589247869471887e-01 1.601246121699390328e-03 1.257806576559585277e-01 1.614144405599718174e-03
2.152356951901095508e-03 4.082217378764761012e-02 3.433992255132407162e-02 8.747047904346243463e-01 4.798075627450295449e-02
1.534749490769423113e-03 1.791920876647787875e-01 1.543890010277975972e-03 8.161990705174977379e-01 1.530202316676049570e-03
1.326548759966425604e-03 1.284285737051015300e-03 2.990401391484913407e-02 9.662009592117457579e-01 1.284192376387664281e-03
1.943431456887731723e-01 1.844191725268142217e-03 1.835162906830138099e-03 8.001436135931184745e-01 1.833886086010090609e-03
5.066882371225441828e-01 2.183631400072200742e-03 1.805434178990065197e-01 2.173138088975515129e-03 3.084115754894017347e-01
5.029026939658605075e-03 7.591254447680463313e-01 2.258170446988705671e-01 5.033755915444366145e-03 4.994727677980245750e-03
6.555085141006761207e-01 1.643437295623317689e-03 1.632951648144074759e-03 3.395973500108169785e-01 1.617746944739383496e-03
5.890564220168021390e-05 3.300273887847081367e-02 5.927784478059647765e-05 5.940693066200229038e-05 9.668196707038848592e-01
4.525209601422609286e-03 4.421609096269448098e-03 3.587985602959954390e-01 4.551543839177550899e-01 1.771002370885573773e-01
2.345100986720942339e-04 6.886499693695204982e-01 1.193984436976371598e-02 2.989389097706077747e-01 2.367663914359165742e-04
1.923098264118301487e-03 1.929041902606894003e-03 1.941675187443053178e-03 5.307265590394787402e-01 4.634796256063529740e-01
1.644178303836378845e-03 2.907669287074001740e-01 1.643216415734959556e-03 7.043061719502522466e-01 1.639504622776178028e-03
1.209106541634998293e-03 9.628547657355099876e-01 3.349782598863444705e-02 1.219671746470023460e-03 1.218629987750642065e-03
2.611627495133760427e-03 6.606385109712630266e-01 2.618045802835903928e-03 1.581368916505478672e-01 1.759949240802194670e-01
8.404062850513259464e-02 1.353504073998157160e-03 5.939691542540356251e-01 3.192608054836375553e-01 1.375907683196204902e-03
4.284711598975743385e-02 2.708120134871998502e-04 5.899482854649812369e-02 1.094886426480867619e-01 7.883986008021705016e-01
2.487785068050706871e-01 1.237074993854228762e-02 1.269909736288122107e-03 6.656352279359233348e-01 7.194560558417545382e-02
1.605231719504066719e-03 1.620955586784848020e-03 9.203115419447978063e-01 1.626174268981024065e-03 7.483609647993223757e-02
1.330046930942044466e-03 1.331487865889851479e-03 1.337627184598614476e-03 9.946713671362050757e-01 1.329470882364360527e-03
3.699339264158330140e-04 7.127747131881563558e-02 3.735898776731978082e-04 1.909999620651859631e-01 7.369790428119094017e-01
1.929116373675597009e-03 3.430006053629401919e-01 9.837861673255322847e-02 5.547488883082947186e-01 1.942773222536367007e-03
2.537885250964251604e-02 2.558739169379039072e-02 2.562333867221594855e-02 8.976526516551996959e-01 2.575776546915146958e-02
4.592556150381243429e-01 4.113288227246002064e-03 4.080958904304747385e-03 5.285220055137843653e-01 4.028132316540557027e-03
7.655788450696728031e-02 1.314872131604916767e-03 9.305820859641859844e-02 2.713100901784410574e-02 8.019380257471651063e-01
9.408699052545693720e-02 1.893653061029182058e-03 5.900643518307507884e-01 1.913242023901944554e-03 3.120417625588610688e-01
1.286968068406303504e-03 7.836279036155369138e-01 8.272083411499400740e-02 1.310863707860034089e-01 1.277923415059264338e-03
6.954964537207558063e-03 7.035465240131323107e-03 9.721043435705789548e-01 6.990943412900370475e-03 6.914283239181833428e-03
9.875580443575472916e-04 7.642457885311042531e-01 9.987043283111360879e-04 2.327733463571971528e-01 9.946027390297321885e-04
4.199581078413969909e-02 1.953421584947348799e-01 1.358405775891004686e-03 7.599648259698754682e-01 1.338798975359138492e-03
8.416115337388282991e-02 8.319805143300139762e-04 8.203939799142081438e-04 9.133684775428203562e-01 8.179945890526627147e-04
